3
3
4
4
5
8
10
11
11
12
12
12
14
15
16
17
17
18
21
22
22
23
25
26
26
27
28
29
30
32
34
34
36
39
39
40
40
44
44
45
46
47
48
48
48
48
49
50
50
50
51
52
52
53
53
56
58
58
60
61
61
65
68
68
68
70
71
71
75
75
77
78
78
79
82
82
83
87
89
90
90
91
91
92
92
92
94
94
95
96
96
97
98
99
101
102
102
107
108
108
108
110
110
112
113
115
117
118
118
119
121
122
123
126
127
127
129
130
131
131
131
132
132
132
133
133
134
135
136
137
138
138
138
139
140
140
143
144
144
144
144
144
145
148
148
148
149
149
150
150
150
151
152
152
152
153
153
156
156
156
157
157
158
159
160
162
163
163
164
164
165
165
166
166
167
167
168
168
169
170
171
172
172
174
174
175
178
178
181
181
182
183
185
185
186
186
187
188
190
190
191
192
193
193
194
195
196
196
196
196
197
198
198
199
201
202
203
204
206
206
207
207
208
208
211
214
215
216
218
218
219
221
221
224
225
227
229
230
230
231
233
234
234
234
240
241
242
246
248
248
248
249
249
249
249
254
259
260
261
261
263
265
265
266
267
267
267
267
269
269
270
271
272
273
273
274
275
275
283
284
287
287
288
289
289
291
291
292
293
293
294
298
298
299
300
301
302
303
304
305
306
306
309
309
310
310
311
312
314
314
314
315
315
315
317
318
318
320
320
320
320
322
328
329
330
330
331
333
333
335
335
335
339
339
339
340
341
343
343
344
344
344
345
346
347
347
347
348
349
353
353
354
355
357
358
358
359
359
359
359
362
362
364
365
368
369
371
371
372
372
373
373
373
375
376
378
379
380
380
382
382
382
383
383
384
384
386
388
389
390
391
392
393
394
395
395
395
395
396
397
397
398
398
400
402
403
407
407
407
407
408
408
408
409
409
409
410
411
414
415
416
416
417
418
419
420
424
424
425
427
427
429
429
430
432
434
434
435
436
436
437
439
440
441
441
442
442
442
443
446
449
449
449
449
450
451
451
452
453
453
453
454
454
455
456
458
459
461
463
467
469
469
470
472
473
473
473
474
475
476
476
478
478
478
479
479
479
479
479
481
483
485
485
486
488
490
492
493
494
496
498
500
500
501
502
502
502
504
505
511
512
513
515
515
516
518
519
520
521
522
523
523
523
525
527
530
530
530
531
533
533
533
535
535
536
536
537
537
538
538
539
539
540
540
540
541
541
541
542
542
548
548
549
551
553
553
556
560
560
560
560
564
564
564
565
566
566
568
568
568
573
574
574
577
577
579
580
581
582
582
583
584
586
586
586
587
587
588
591
592
593
594
595
598
598
599
600
601
603
605
605
606
606
608
609
609
610
610
611
613
614
616
616
617
618
618
618
618
620
622
623
623
625
628
628
629
629
630
630
635
635
637
640
642
642
644
645
646
646
647
647
647
648
648
649
650
651
652
652
653
653
654
656
657
660
661
661
662
663
665
666
667
668
668
669
669
670
670
673
673
676
676
676
676
677
677
680
680
681
681
682
682
684
685
686
686
687
689
690
692
693
695
697
697
699
699
699
705
705
707
707
707
708
710
711
712
713
715
715
715
716
716
717
720
721
722
722
724
724
725
725
728
728
729
729
730
731
732
732
735
736
737
738
738
739
740
741
741
742
743
744
745
746
747
748
748
748
749
749
750
752
753
754
756
756
758
759
760
761
761
762
762
762
765
766
767
767
768
768
768
769
772
772
774
776
777
778
779
779
779
779
779
780
781
782
783
786
786
787
787
787
790
790
792
792
792
792
793
793
793
798
798
799
799
801
802
802
804
808
809
809
810
810
812
812
813
813
815
815
816
817
817
819
820
821
823
824
826
827
829
830
830
830
830
831
831
832
834
834
835
837
838
838
843
843
844
849
850
850
851
852
853
861
863
865
867
869
869
869
871
872
872
873
874
877
878
878
878
879
880
883
883
883
884
884
886
887
887
889
889
889
889
893
894
895
895
895
895
896
897
899
900
900
901
904
905
906
910
911
913
914
918
918
918
919
919
921
922
922
923
923
924
924
925
926
927
927
927
928
928
929
929
930
930
931
937
938
938
939
939
940
942
942
942
944
946
947
949
951
955
955
956
959
960
960
961
961
962
963
966
966
967
967
968
969
969
970
970
971
972
972
973
973
974
976
977
977
977
978
978
980
980
980
981
981
982
982
984
985
986
986
986
986
987
988
989
989
990
992
992
993
993
994
994
995
997
997
999
999
1000