472
373
889
118
162
677
999
629
476
163
108
169
955
395
568
144
642
618
365
79
152
30
227
835
435
22
648
58
347
579
407
442
314
500
454
873
368
834
871
944
4
234
645
781
900
284
26
362
716
502
961
58
265
486
70
96
669
372
475
469
739
165
272
729
981
986
149
188
75
196
150
919
525
625
681
710
234
60
737
646
548
724
22
884
729
150
231
82
889
335
77
887
339
744
884
766
715
473
801
869
196
92
616
960
34
225
132
158
537
473
275
504
46
587
548
707
982
71
320
56
379
108
821
199
14
320
977
48
483
931
564
17
347
654
132
776
10
651
330
774
565
610
168
872
541
738
3
792
11
78
647
172
274
206
600
478
214
407
183
330
793
720
593
259
628
127
690
118
849
767
248
11
442
686
812
131
156
138
207
168
178
386
389
722
786
34
923
670
540
566
434
523
815
436
553
930
743
160
809
249
135
869
992
527
369
335
889
883
878
449
832
5
660
446
441
913
388
750
959
901
97
588
628
967
396
748
676
340
780
927
573
479
819
629
299
391
971
966
535
420
586
994
190
12
670
699
492
354
707
564
463
470
331
496
242
440
981
172
837
922
233
87
68
229
291
273
90
485
71
289
269
732
53
4
513
872
661
533
304
586
266
469
221
474
812
139
427
967
359
384
521
301
539
164
362
467
530
163
312
865
52
300
533
288
96
829
91
809
449
418
599
320
928
166
230
984
779
157
861
918
416
778
769
595
661
359
973
187
478
408
36
203
695
956
798
541
52
951
605
140
208
568
985
682
382
922
817
610
98
95
978
830
708
349
345
761
346
813
94
820
453
647
208
817
635
409
298
968
383
939
551
82
449
267
359
437
488
269
314
224
186
382
777
680
927
121
648
824
481
182
741
348
12
493
618
574
408
443
140
306
926
815
117
721
289
45
479
511
969
393
373
478
767
515
167
923
249
383
395
380
677
947
246
577
560
424
986
705
400
263
568
148
317
765
441
712
693
738
90
798
115
878
768
450
942
799
792
586
494
273
793
148
156
27
175
753
294
40
298
715
938
127
978
271
357
241
353
779
993
980
646
398
895
689
896
560
790
144
452
159
787
716
449
810
459
314
715
942
181
461
642
315
25
371
530
617
416
652
549
198
384
292
838
746
541
283
358
1000
442
762
768
730
371
540
878
131
502
186
910
358
167
705
102
333
622
419
802
904
191
344
637
816
899
150
476
618
267
429
75
725
762
889
786
131
542
697
39
473
779
249
843
409
536
39
782
986
787
133
152
134
302
12
329
673
560
174
249
925
48
980
409
417
606
318
102
392
248
831
792
206
929
407
287
793
333
623
580
328
684
752
498
48
196
779
29
453
924
676
123
582
982
779
108
949
635
560
267
609
339
603
754
310
411
50
122
99
310
918
181
144
735
929
194
344
756
893
375
439
322
883
724
192
591
451
838
309
89
928
999
18
61
21
306
761
170
153
40
44
500
742
415
355
454
827
647
538
988
143
523
110
193
403
707
50
955
747
960
539
790
728
372
429
32
937
414
687
291
26
969
92
762
611
676
584
756
564
136
174
315
166
799
989
583
630
248
502
395
644
94
919
485
152
91
394
315
318
749
129
772
976
830
850
692
424
666
48
275
540
895
673
681
185
886
341
662
826
132
230
748
518
47
171
804
519
397
68
731
434
195
680
992
808
963
605
436
303
218
685
601
311
359
927
479
531
989
293
810
410
759
270
347
697
623
652
630
515
148
17
335
760
536
867
997
153
533
736
668
61
397
215
373
216
261
501
130
745
924
650
378
165
879
728
749
669
395
863
900
894
78
218
432
830
51
667
8
126
113
343
608
616
151
853
490
640
850
201
240
83
516
740
156
914
207
676
193
653
430
905
402
874
16
961
582
178
877
164
938
787
897
211
455
993
686
834
28
717
843
157
456
65
663
895
204
574
986
219
353
895
520
598
398
260
458
137
479
261
997
190
144
577
880
451
653
344
196
382
748
407
197
869
657
722
425
530
606
980
995
535
990
101
887
380
921
339
618
911
522
783
946
112
711
994
772
202
942
614
309
649
144
594
110
852
977
15
930
364
972
138
390
376
699
587
977
830
592
566
962
656
542
133
408
972
287
974
305
523
44
505
23
813
699
119
918
221
802
768
107
138
620
149
940
609
453
973
479
970
823
49
145
198
234
581
844
831
427
939
725
537
320
267
343
668
538
185
553
906
758
883
50
613
682
68
598
3
254
92
792
987
53
293
741
665
851
966
970
265
512
713
556
732
